7.699999999999999900e-02 4.460000000000000075e-01
1.109999999999999876e-01 4.715000000000000302e-01
1.960000000000000075e-01 4.884999999999999898e-01
3.320000000000000173e-01 4.935999999999999832e-01
4.679999999999999716e-01 4.884999999999999898e-01
6.040000000000000924e-01 4.774499999999999855e-01
7.315000000000000391e-01 4.647000000000000020e-01
8.930000000000000160e-01 4.460000000000000075e-01
1.109999999999999876e-01 4.204999999999999849e-01
1.960000000000000075e-01 4.035000000000000253e-01
3.320000000000000173e-01 3.984000000000000319e-01
4.679999999999999716e-01 4.035000000000000253e-01
6.040000000000000924e-01 4.145500000000000296e-01
7.315000000000000391e-01 4.273000000000000131e-01
